MEMORY
  total           13478 KB
  struct            159 KB
  buffer              7 KB
  arena           13312 KB, used 0.3%

SIZES
  narena                13631488
  nbuffer               7200
  nplugin               0
  maxuse_stack          11728
  maxuse_arena          43832
  maxuse_con            19
  maxuse_efc            76
  ncon                  4
  ne                    0
  nf                    0
  nl                    0
  nefc                  16
  nJ                    96
  nA                    0
  nisland               1
  nidof                 6
  ntree_awake           1
  nbody_awake           2
  nparent_awake         1
  nv_awake              6
  flg_energypos         0
  flg_energyvel         0
  flg_subtreevel        0
  flg_rnepost           0
  threadpool            0

TIMER
    0:  duration =  0.23       number = 10
    1:  duration =  0.22       number = 40
    2:  duration =  0          number = 0
    3:  duration =  0.14       number = 40
    4:  duration =  0.014      number = 40
    5:  duration =  0.0046     number = 40
    6:  duration =  0.06       number = 40
    7:  duration =  0          number = 0
    8:  duration =  0.025      number = 40
    9:  duration =  0.0034     number = 40
    10:  duration =  0.039      number = 40
    11:  duration =  0.061      number = 40
    12:  duration =  0.00095    number = 40
    13:  duration =  0.011      number = 40
    14:  duration =  0.025      number = 40

SOLVER STAT
  solver_fwdinv =   0         0       
  ISLAND 0
    solver_niter = 1
    solver_nnz = 36
      0:  improvement =  1.1e-14     gradient =  1.4e-15     lineslope =  0       
          nactive = 16   nchange = 0   neval = 2   nupdate = 0

ENERGY =   0         0       

TIME =  3.5e+03 

QPOS
  -0.34    
  -0.63    
   0.0098  
   0.00021 
  -0.0042  
   1       
  -0.00021 

QVEL
   3.3e-06 
  -7.9e-07 
   3.5e-17 
  -3e-06   
  -3e-06   
  -0.0071  

QACC_WARMSTART
   5.6e-09 
   2.3e-08 
   5.4e-15 
   4.6e-14 
  -1e-13   
   1.4e-15 

CTRL
   0.26    
   0.0011  
  -0.0011  
  -0.00069 

QFRC_APPLIED
   0       
   0       
   0       
   0       
   0       
   0       

XFRC_APPLIED
   0         0         0         0         0         0       
   0         0         0         0         0         0       

QACC
   5.6e-09 
   2.3e-08 
   5.4e-15 
   4.6e-14 
  -1e-13   
   1.4e-15 

TREE_ASLEEP
  -11

XPOS
   0         0         0       
  -0.34     -0.63      0.0098  

XQUAT
   1         0         0         0       
   0.00021  -0.0042    1        -0.00021 

XMAT
   1         0         0         0         1         0         0         0         1       
  -1        -0.0085    0.00042  -0.0085    1        -0.00042  -0.00042  -0.00042  -1       

XIPOS
   0         0         0       
  -0.34     -0.63      0.0098  

XIMAT
   1         0         0         0         1         0         0         0         1       
  -1        -0.0085    0.00042  -0.0085    1        -0.00042  -0.00042  -0.00042  -1       

XANCHOR
  -0.34     -0.63      0.0098  

XAXIS
   0         0         1       

GEOM_XPOS
   0         0         0       
  -0.34     -0.63      0.0098  
  -0.38     -0.6       0.0098  
  -0.38     -0.59      0.0048  
  -0.3      -0.6       0.0098  
  -0.29     -0.59      0.0048  
  -0.3      -0.67      0.0098  
  -0.29     -0.68      0.0048  
  -0.38     -0.67      0.0098  
  -0.38     -0.68      0.0048  

GEOM_XMAT
   1         0         0         0         1         0         0         0         1       
  -1        -0.0085    0.00042  -0.0085    1        -0.00042  -0.00042  -0.00042  -1       
  -0.5       0.5       0.71     -0.5       0.5      -0.7      -0.71     -0.71      0.0006  
  -1        -0.0085    0.00042  -0.0085    1        -0.00042  -0.00042  -0.00042  -1       
  -0.5      -0.5      -0.7       0.5       0.5      -0.71      0.71     -0.71      3.8e-06 
  -1        -0.0085    0.00042  -0.0085    1        -0.00042  -0.00042  -0.00042  -1       
  -0.5       0.5      -0.71     -0.5       0.5       0.7       0.71      0.71     -0.0006  
  -1        -0.0085    0.00042  -0.0085    1        -0.00042  -0.00042  -0.00042  -1       
  -0.5      -0.5       0.7       0.5       0.5       0.71     -0.71      0.71     -3.8e-06 
  -1        -0.0085    0.00042  -0.0085    1        -0.00042  -0.00042  -0.00042  -1       

SITE_XPOS
  -0.34     -0.63      0.0098  

SITE_XMAT
  -1        -0.0085    0.00042  -0.0085    1        -0.00042  -0.00042  -0.00042  -1       

LIGHT_XPOS
   0         0         5       

LIGHT_XDIR
   0         0        -1       

SUBTREE_COM
  -0.34     -0.63      0.0098  
  -0.34     -0.63      0.0098  

CDOF
   0         0         0         1         0         0       
   0         0         0         0         1         0       
   0         0         0         0         0         1       
  -1        -0.0085   -0.00042   0         0         0       
  -0.0085    1        -0.00042   0         0        -0       
   0.00042  -0.00042  -1         0        -0         0       

CINERT
   0         0         0         0         0         0         0         0         0         0       
   9e-06     9e-06     1.6e-05  -1.3e-12  -3e-09     3e-09     0         0         0         0.027   

ACTUATOR_LENGTH
   0       
   0       
   0       
   0       

actuator_moment
--------
 xxx    |
    xx  |
    xxx |
     xx |
--------

ACTUATOR_MOMENT
     0:  0.00042    1: -0.00042    2: -1       
     3:  1          4:  7.8e-19 
     3:  7.8e-19    4:  1          5: -5.4e-20 
     4: -5.4e-20    5:  1       

CRB
   0         0         0         0         0         0         0         0         0         0       
   9e-06     9e-06     1.6e-05  -1.3e-12  -3e-09     3e-09     0         0         0         0.027   

QM
   0.027   
   0         0.027   
   0         0         0.027   
   0         0         0         9e-06   
   0         0         0         0         9e-06   
   0         0         0         0         0         1.6e-05 

M
     0:  0.027   
     1:  0.027   
     2:  0.027   
     3:  9e-06   
     4:  9e-06   
     5:  1.6e-05 

QLD
     0:  0.027   
     1:  0.027   
     2:  0.027   
     3:  9e-06   
     4:  9e-06   
     5:  1.6e-05 

QLDIAGINV
   37      
   37      
   37      
   1.1e+05 
   1.1e+05 
   6.2e+04 

M: inertia structure
--------
 x      |
  x     |
   x    |
    x   |
     x  |
      x |
--------

iM: block-diagonal inertia (nnzs are island ids)
--------
 0      |
  0     |
   0    |
    0   |
     0  |
      0 |
--------

TREE_AWAKE
  1

BODY_AWAKE
  -1 1

BODY_AWAKE_IND
  0 1

PARENT_AWAKE_IND
  1

DOF_AWAKE_IND
  0 1 2 3 4 5

CONTACT
  0:
     dim           3
     geoms         floor : core
     exclude       0
     efc_address   0
     solref         0.02      1       
     solimp         0.9       0.95      0.001     0.5       2       
     dist          -0.00018 
     includemargin  0       
     pos           -0.31     -0.66     -9e-05   
     frame          0         0         1         0         1         0        -1         0         0       
     friction       1         1         0.005     0.0001    0.0001  
     mu             1       
     force          0.11     -0.0028    0.0028    0         0         0       
  1:
     dim           3
     geoms         floor : core
     exclude       0
     efc_address   4
     solref         0.02      1       
     solimp         0.9       0.95      0.001     0.5       2       
     dist          -0.00021 
     includemargin  0       
     pos           -0.37     -0.66     -0.0001  
     frame          0         0         1         0         1         0        -1         0         0       
     friction       1         1         0.005     0.0001    0.0001  
     mu             1       
     force          0.13      0.0028    0.0029    0         0         0       
  2:
     dim           3
     geoms         floor : core
     exclude       0
     efc_address   8
     solref         0.02      1       
     solimp         0.9       0.95      0.001     0.5       2       
     dist          -0.00021 
     includemargin  0       
     pos           -0.31     -0.6      -0.0001  
     frame          0         0         1         0         1         0        -1         0         0       
     friction       1         1         0.005     0.0001    0.0001  
     mu             1       
     force          0.13     -0.0028   -0.0028    0         0         0       
  3:
     dim           3
     geoms         floor : core
     exclude       0
     efc_address   12
     solref         0.02      1       
     solimp         0.9       0.95      0.001     0.5       2       
     dist          -0.00023 
     includemargin  0       
     pos           -0.37     -0.6      -0.00012 
     frame          0         0         1         0         1         0        -1         0         0       
     friction       1         1         0.005     0.0001    0.0001  
     mu             1       
     force          0.15      0.0029   -0.0028    0         0         0       

EFC_TYPE
  6
  6
  6
  6
  6
  6
  6
  6
  6
  6
  6
  6
  6
  6
  6
  6

EFC_ID
  0
  0
  0
  0
  1
  1
  1
  1
  2
  2
  2
  2
  3
  3
  3
  3

EFC_J
   0         1         1         0.02     -0.03     -0.03    
   0        -1         1         0.04     -0.03      0.03    
  -1         0         1         0.03     -0.02      0.03    
   1         0         1         0.03     -0.04     -0.03    
   0         1         1         0.02      0.03      0.03    
   0        -1         1         0.04      0.03     -0.03    
  -1         0         1         0.03      0.04      0.03    
   1         0         1         0.03      0.02     -0.03    
   0         1         1        -0.04     -0.03     -0.03    
   0        -1         1        -0.02     -0.03      0.03    
  -1         0         1        -0.03     -0.02     -0.03    
   1         0         1        -0.03     -0.04      0.03    
   0         1         1        -0.04      0.03      0.03    
   0        -1         1        -0.02      0.03     -0.03    
  -1         0         1        -0.03      0.04     -0.03    
   1         0         1        -0.03      0.02      0.03    

IEFC_J
   0         1         1         0.02     -0.03     -0.03    
   0        -1         1         0.04     -0.03      0.03    
  -1         0         1         0.03     -0.02      0.03    
   1         0         1         0.03     -0.04     -0.03    
   0         1         1         0.02      0.03      0.03    
   0        -1         1         0.04      0.03     -0.03    
  -1         0         1         0.03      0.04      0.03    
   1         0         1         0.03      0.02     -0.03    
   0         1         1        -0.04     -0.03     -0.03    
   0        -1         1        -0.02     -0.03      0.03    
  -1         0         1        -0.03     -0.02     -0.03    
   1         0         1        -0.03     -0.04      0.03    
   0         1         1        -0.04      0.03      0.03    
   0        -1         1        -0.02      0.03     -0.03    
  -1         0         1        -0.03      0.04     -0.03    
   1         0         1        -0.03      0.02      0.03    

EFC_POS
  -0.00018 
  -0.00018 
  -0.00018 
  -0.00018 
  -0.00021 
  -0.00021 
  -0.00021 
  -0.00021 
  -0.00021 
  -0.00021 
  -0.00021 
  -0.00021 
  -0.00023 
  -0.00023 
  -0.00023 
  -0.00023 

EFC_MARGIN
   0       
   0       
   0       
   0       
   0       
   0       
   0       
   0       
   0       
   0       
   0       
   0       
   0       
   0       
   0       
   0       

EFC_FRICTIONLOSS
   0       
   0       
   0       
   0       
   0       
   0       
   0       
   0       
   0       
   0       
   0       
   0       
   0       
   0       
   0       
   0       

EFC_DIAGAPPROX
   1.5e+02 
   1.5e+02 
   1.5e+02 
   1.5e+02 
   1.5e+02 
   1.5e+02 
   1.5e+02 
   1.5e+02 
   1.5e+02 
   1.5e+02 
   1.5e+02 
   1.5e+02 
   1.5e+02 
   1.5e+02 
   1.5e+02 
   1.5e+02 

EFC_KBIP
   2.8e+03   1.1e+02   0.9      -36      
   2.8e+03   1.1e+02   0.9      -36      
   2.8e+03   1.1e+02   0.9      -36      
   2.8e+03   1.1e+02   0.9      -36      
   2.8e+03   1.1e+02   0.9      -41      
   2.8e+03   1.1e+02   0.9      -41      
   2.8e+03   1.1e+02   0.9      -41      
   2.8e+03   1.1e+02   0.9      -41      
   2.8e+03   1.1e+02   0.9      -41      
   2.8e+03   1.1e+02   0.9      -41      
   2.8e+03   1.1e+02   0.9      -41      
   2.8e+03   1.1e+02   0.9      -41      
   2.8e+03   1.1e+02   0.91     -46      
   2.8e+03   1.1e+02   0.91     -46      
   2.8e+03   1.1e+02   0.91     -46      
   2.8e+03   1.1e+02   0.91     -46      

EFC_D
   0.063   
   0.063   
   0.063   
   0.063   
   0.064   
   0.064   
   0.064   
   0.064   
   0.064   
   0.064   
   0.064   
   0.064   
   0.065   
   0.065   
   0.065   
   0.065   

EFC_R
   16      
   16      
   16      
   16      
   16      
   16      
   16      
   16      
   16      
   16      
   16      
   16      
   15      
   15      
   15      
   15      

ACTUATOR_VELOCITY
   1.7e-09 
  -3e-06   
  -3e-06   
  -0.0071  

CVEL
   0         0         0         0         0         0       
   1.5e-16   9.2e-17   0.0071    3.3e-06  -7.9e-07   3.5e-17 

CDOF_DOT
   0         0         0         0         0         0       
   0         0         0         0         0         0       
   0         0         0         0         0         0       
   0         0         0         3.3e-10   1.4e-09  -8.2e-07 
  -0         0         0         3.3e-10   1.4e-09   3.3e-06 
   0         0        -0         7.9e-07   3.3e-06  -1e-09   

QFRC_BIAS
   0       
   0       
   0.26    
   1.5e-13 
  -1.5e-13 
   2.5e-32 

QFRC_SPRING
   0       
   0       
   0       
   0       
   0       
   0       

QFRC_DAMPER
   0       
   0       
   0       
   0       
   0       
   0       

QFRC_GRAVCOMP
   0       
   0       
   0       
   0       
   0       
   0       

QFRC_FLUID
   0       
   0       
   0       
   0       
   0       
   0       

QFRC_PASSIVE
   0       
   0       
   0       
   0       
   0       
   0       

EFC_VEL
   0.00021 
  -0.00021 
  -0.00021 
   0.00021 
  -0.00021 
   0.00021 
  -0.00022 
   0.00022 
   0.00021 
  -0.00021 
   0.00021 
  -0.00021 
  -0.00022 
   0.00022 
   0.00021 
  -0.00021 

EFC_AREF
   0.43    
   0.47    
   0.47    
   0.43    
   0.54    
   0.49    
   0.54    
   0.49    
   0.49    
   0.54    
   0.49    
   0.54    
   0.6     
   0.56    
   0.56    
   0.6     

SUBTREE_LINVEL
   0         0         0       
   0         0         0       

SUBTREE_ANGMOM
   0         0         0       
   0         0         0       

ACTUATOR_FORCE
   0.26    
   0.0011  
  -0.0011  
  -0.00069 

QFRC_ACTUATOR
   0.00011 
  -0.00011 
  -0.26    
   0.0011  
  -0.0011  
  -0.00069 

QFRC_SMOOTH
   0.00011 
  -0.00011 
  -0.52    
   0.0011  
  -0.0011  
  -0.00069 

QACC_SMOOTH
   0.0041  
  -0.004   
  -19      
   1.2e+02 
  -1.2e+02 
  -42      

EFC_B
  -13      
  -13      
  -15      
  -10      
  -22      
  -17      
  -22      
  -17      
  -20      
  -20      
  -20      
  -20      
  -30      
  -25      
  -27      
  -27      

EFC_FORCE
   0.027   
   0.03    
   0.03    
   0.027   
   0.034   
   0.031   
   0.034   
   0.031   
   0.031   
   0.034   
   0.031   
   0.034   
   0.039   
   0.036   
   0.036   
   0.039   

EFC_STATE
  1
  1
  1
  1
  1
  1
  1
  1
  1
  1
  1
  1
  1
  1
  1
  1

QFRC_CONSTRAINT
  -0.00011 
   0.00011 
   0.52    
  -0.0011  
   0.0011  
   0.00069 

QFRC_INVERSE
   0       
   0       
   0       
   0       
   0       
   0       

CACC
   0         0         0         0         0         0       
   0         0         0         0         0         0       

CFRC_INT
   0         0         0         0         0         0       
   0         0         0         0         0         0       

CFRC_EXT
   0         0         0         0         0         0       
   0         0         0         0         0         0       

TREE_ISLAND
  0

ISLAND_NTREE
  1

ISLAND_ITREEADR
  0

MAP_ITREE2TREE
  0

DOF_ISLAND            0 0 0 0 0 0

ISLAND_NV             6

ISLAND_IDOFADR        0

MAP_IDOF2DOF          0 1 2 3 4 5

EFC_ISLAND            0 0 0 0 0 0 0 0 0 0 0 0 0 0 0 0

ISLAND_NEFC           16

ISLAND_IEFCADR        0

MAP_IEFC2EFC          0 1 2 3 4 5 6 7 8 9 10 11 12 13 14 15

